Homes:
  main:
    X: -233.13944539862868
    Y: 64.0
    Z: -165.5456642271846
    Yaw: -99.7229
    Pitch: 69.899925
    World: world
