Homes:
  main:
    X: -251.68267255395747
    Y: 64.0
    Z: -183.9356616175855
    Yaw: -177.46442
    Pitch: 35.999916
    World: world
