Homes:
  main:
    X: 72.76377311600437
    Y: 63.0
    Z: -92.9672038385527
    Yaw: 42.90222
    Pitch: 37.199806
    World: world
